function connect = connect_pg_case118
%% ========================================================================
% Input necessary to connect power and natural gas systems
% =========================================================================
% Authors:  (1) Wilson González Vanegas, M.Sc 
%           (2) Sergio García Marín, M.Sc(c)  
% (1) Automatic Research Group, Universidad Tecnológica de Pereira.
% (2) GIPEM, Universidad Nacional de Colombia - Sede Manizales.

% =========================================================================
%% ---------------------- Matpower gas case version ----------------------
connect.version = '1'; 

%% ---------------------- Matpower gas case version ----------------------

connect.power.time =  [6 8 4 6];  % number of hours for each period of time sum()=24

connect.power.UC = [];

connect.power.ramp_time = [];

connect.power.demands.pd = [     
   40.8000   45.9000   51.0000   53.5500
   16.0000   18.0000   20.0000   21.0000
   31.2000   35.1000   39.0000   40.9500
   31.2000   35.1000   39.0000   40.9500
         0         0         0         0
   41.6000   46.8000   52.0000   54.6000
   15.2000   17.1000   19.0000   19.9500
   22.4000   25.2000   28.0000   29.4000
         0         0         0         0
         0         0         0         0
   56.0000   63.0000   70.0000   73.5000
   37.6000   42.3000   47.0000   49.3500
   27.2000   30.6000   34.0000   35.7000
   11.2000   12.6000   14.0000   14.7000
   72.0000   81.0000   90.0000   94.5000
   20.0000   22.5000   25.0000   26.2500
    8.8000    9.9000   11.0000   11.5500
   48.0000   54.0000   60.0000   63.0000
   36.0000   40.5000   45.0000   47.2500
   14.4000   16.2000   18.0000   18.9000
   11.2000   12.6000   14.0000   14.7000
    8.0000    9.0000   10.0000   10.5000
    5.6000    6.3000    7.0000    7.3500
   10.4000   11.7000   13.0000   13.6500
         0         0         0         0
         0         0         0         0
   56.8000   63.9000   71.0000   74.5500
   13.6000   15.3000   17.0000   17.8500
   19.2000   21.6000   24.0000   25.2000
         0         0         0         0
   34.4000   38.7000   43.0000   45.1500
   47.2000   53.1000   59.0000   61.9500
   18.4000   20.7000   23.0000   24.1500
   47.2000   53.1000   59.0000   61.9500
   26.4000   29.7000   33.0000   34.6500
   24.8000   27.9000   31.0000   32.5500
         0         0         0         0
         0         0         0         0
   21.6000   24.3000   27.0000   28.3500
   52.8000   59.4000   66.0000   69.3000
   29.6000   33.3000   37.0000   38.8500
   76.8000   86.4000   96.0000  100.8000
   14.4000   16.2000   18.0000   18.9000
   12.8000   14.4000   16.0000   16.8000
   42.4000   47.7000   53.0000   55.6500
   22.4000   25.2000   28.0000   29.4000
   27.2000   30.6000   34.0000   35.7000
   16.0000   18.0000   20.0000   21.0000
   69.6000   78.3000   87.0000   91.3500
   13.6000   15.3000   17.0000   17.8500
   13.6000   15.3000   17.0000   17.8500
   14.4000   16.2000   18.0000   18.9000
   18.4000   20.7000   23.0000   24.1500
   90.4000  101.7000  113.0000  118.6500
   50.4000   56.7000   63.0000   66.1500
   67.2000   75.6000   84.0000   88.2000
    9.6000   10.8000   12.0000   12.6000
    9.6000   10.8000   12.0000   12.6000
  221.6000  249.3000  277.0000  290.8500
   62.4000   70.2000   78.0000   81.9000
         0         0         0         0
   61.6000   69.3000   77.0000   80.8500
         0         0         0         0
         0         0         0         0
         0         0         0         0
   31.2000   35.1000   39.0000   40.9500
   22.4000   25.2000   28.0000   29.4000
         0         0         0         0
         0         0         0         0
   52.8000   59.4000   66.0000   69.3000
         0         0         0         0
    9.6000   10.8000   12.0000   12.6000
    4.8000    5.4000    6.0000    6.3000
   54.4000   61.2000   68.0000   71.4000
   37.6000   42.3000   47.0000   49.3500
   54.4000   61.2000   68.0000   71.4000
   48.8000   54.9000   61.0000   64.0500
   56.8000   63.9000   71.0000   74.5500
   31.2000   35.1000   39.0000   40.9500
  104.0000  117.0000  130.0000  136.5000
         0         0         0         0
   43.2000   48.6000   54.0000   56.7000
   16.0000   18.0000   20.0000   21.0000
    8.8000    9.9000   11.0000   11.5500
   19.2000   21.6000   24.0000   25.2000
   16.8000   18.9000   21.0000   22.0500
         0         0         0         0
   38.4000   43.2000   48.0000   50.4000
         0         0         0         0
  130.4000  146.7000  163.0000  171.1500
    8.0000    9.0000   10.0000   10.5000
   52.0000   58.5000   65.0000   68.2500
    9.6000   10.8000   12.0000   12.6000
   24.0000   27.0000   30.0000   31.5000
   33.6000   37.8000   42.0000   44.1000
   30.4000   34.2000   38.0000   39.9000
   12.0000   13.5000   15.0000   15.7500
   27.2000   30.6000   34.0000   35.7000
   33.6000   37.8000   42.0000   44.1000
   29.6000   33.3000   37.0000   38.8500
   17.6000   19.8000   22.0000   23.1000
    4.0000    4.5000    5.0000    5.2500
   18.4000   20.7000   23.0000   24.1500
   30.4000   34.2000   38.0000   39.9000
   24.8000   27.9000   31.0000   32.5500
   34.4000   38.7000   43.0000   45.1500
   40.0000   45.0000   50.0000   52.5000
    1.6000    1.8000    2.0000    2.1000
    6.4000    7.2000    8.0000    8.4000
   31.2000   35.1000   39.0000   40.9500
         0         0         0         0
   54.4000   61.2000   68.0000   71.4000
    4.8000    5.4000    6.0000    6.3000
    6.4000    7.2000    8.0000    8.4000
   17.6000   19.8000   22.0000   23.1000
  147.2000  165.6000  184.0000  193.2000
   16.0000   18.0000   20.0000   21.0000
   26.4000   29.7000   33.0000   34.6500
   ];       
